0 1 1 2 2 3 
1 2 2 3 3 4 
2 3 3 4 4 5 
3 4 4 5 5 6 
1 2 2 3 3 4 
2 3 3 4 4 5 
3 4 4 5 5 6 
4 5 5 6 6 7 
2 3 3 4 4 5 
3 4 4 5 5 6 
4 5 5 6 6 7 
5 6 6 7 7 8 
3 4 4 5 5 6 
4 5 5 6 6 7 
5 6 6 7 7 8 
6 7 7 8 8 9 
4 5 5 6 6 7 
5 6 6 7 7 8 
6 7 7 8 8 9 
7 8 8 9 9 10 
1 2 2 3 3 4 
2 3 3 4 4 5 
3 4 4 5 5 6 
4 5 5 6 6 7 
2 3 3 4 4 5 
3 4 4 5 5 6 
4 5 5 6 6 7 
5 6 6 7 7 8
3 4 4 5 5 6 
4 5 5 6 6 7 
5 6 6 7 7 8 
6 7 7 8 8 9 
4 5 5 6 6 7 
5 6 6 7 7 8 
6 7 7 8 8 9 
7 8 8 9 9 10 
5 6 6 7 7 8 
6 7 7 8 8 9 
7 8 8 9 9 10 
8 9 9 10 10 11 
2 3 3 4 4 5 
3 4 4 5 5 6 
4 5 5 6 6 7 
5 6 6 7 7 8 
3 4 4 5 5 6 
4 5 5 6 6 7 
5 6 6 7 7 8 
6 7 7 8 8 9 
4 5 5 6 6 7 
5 6 6 7 7 8 
6 7 7 8 8 9 
7 8 8 9 9 10 
5 6 6 7 7 8 
6 7 7 8 8 9 
7 8 8 9 9 10 
8 9 9 10 10 11 
6 7 7 8 8 9 
7 8 8 9 9 10 
8 9 9 10 10 11 
9 10 10 11 11 12 
3 4 4 5 5 6 
4 5 5 6 6 7 
5 6 6 7 7 8 6 7 7 8 8 9 4 5 5 6 6 7 5 6 6 7 7 8 6 7 7 8 8 9 7 8 8 9 9 10 5 6 6 7 7 8 6 7 7 8 8 9 7 8 8 9 9 10 8 9 9 10 10 11 6 7 7 8 8 9 7 8 8 9 9 10 8 9 9 10 10 11 9 10 10 11 11 12 7 8 8 9 9 10 8 9 9 10 10 11 9 10 10 11 11 12 10 11 11 12 12 13 4 5 5 6 6 7 5 6 6 7 7 8 6 7 7 8 8 9 7 8 8 9 9 10 5 6 6 7 7 8 6 7 7 8 8 9 7 8 8 9 9 10 8 9 9 10 10 11 6 7 7 8 8 9 7 8 8 9 9 10 8 9 9 10 10 11 9 10 10 11 11 12 7 8 8 9 9 10 8 9 9 10 10 11 9 10 10 11 11 12 10 11 11 12 12 13 8 9 9 10 10 11 9 10 10 11 11 12 10 11 11 12 12 13 11 12 12 13 13 14 5 6 6 7 7 8 6 7 7 8 8 9 7 8 8 9 9 10 8 9 9 10 10 11 6 7 7 8 8 9 7 8 8 9 9 10 8 9 9 10 10 11 9 10 10 11 11 12 7 8 8 9 9 10 8 9 9 10 10 11 9 10 10 11 11 12 10 11 11 12 12 13 8 9 9 10 10 11 9 10 10 11 11 12 10 11 11 12 12 13 11 12 12 13 13 14 9 10 10 11 11 12 10 11 11 12 12 13 11 12 12 13 13 14 12 13 13 14 14 15 1 2 2 3 3 4 2 3 3 4 4 5 3 4 4 5 5 6 4 5 5 6 6 7 2 3 3 4 4 5 3 4 4 5 5 6 4 5 5 6 6 7 5 6 6 7 7 8 3 4 4 5 5 6 4 5 5 6 6 7 5 6 6 7 7 8 6 7 7 8 8 9 4 5 5 6 6 7 5 6 6 7 7 8 6 7 7 8 8 9 7 8 8 9 9 10 5 6 6 7 7 8 6 7 7 8 8 9 7 8 8 9 9 10 8 9 9 10 10 11 2 3 3 4 4 5 3 4 4 5 5 6 4 5 5 6 6 7 5 6 6 7 7 8 3 4 4 5 5 6 4 5 5 6 6 7 5 6 6 7 7 8 6 7 7 8 8 9 4 5 5 6 6 7 5 6 6 7 7 8 6 7 7 8 8 9 7 8 8 9 9 10 5 6 6 7 7 8 6 7 7 8 8 9 7 8 8 9 9 10 8 9 9 10 10 11 6 7 7 8 8 9 7 8 8 9 9 10 8 9 9 10 10 11 9 10 10 11 11 12 3 4 4 5 5 6 4 5 5 6 6 7 5 6 6 7 7 8 6 7 7 8 8 9 4 5 5 6 6 7 5 6 6 7 7 8 6 7 7 8 8 9 7 8 8 9 9 10 5 6 6 7 7 8 6 7 7 8 8 9 7 8 8 9 9 10 8 9 9 10 10 11 6 7 7 8 8 9 7 8 8 9 9 10 8 9 9 10 10 11 9 10 10 11 11 12 7 8 8 9 9 10 8 9 9 10 10 11 9 10 10 11 11 12 10 11 11 12 12 13 4 5 5 6 6 7 5 6 6 7 7 8 6 7 7 8 8 9 7 8 8 9 9 10 5 6 6 7 7 8 6 7 7 8 8 9 7 8 8 9 9 10 8 9 9 10 10 11 6 7 7 8 8 9 7 8 8 9 9 10 8 9 9 10 10 11 9 10 10 11 11 12 7 8 8 9 9 10 8 9 9 10 10 11 9 10 10 11 11 12 10 11 11 12 12 13 8 9 9 10 10 11 9 10 10 11 11 12 10 11 11 12 12 13 11 12 12 13 13 14 5 6 6 7 7 8 6 7 7 8 8 9 7 8 8 9 9 10 8 9 9 10 10 11 6 7 7 8 8 9 7 8 8 9 9 10 8 9 9 10 10 11 9 10 10 11 11 12 7 8 8 9 9 10 8 9 9 10 10 11 9 10 10 11 11 12 10 11 11 12 12 13 8 9 9 10 10 11 9 10 10 11 11 12 10 11 11 12 12 13 11 12 12 13 13 14 9 10 10 11 11 12 10 11 11 12 12 13 11 12 12 13 13 14 12 13 13 14 14 15 6 7 7 8 8 9 7 8 8 9 9 10 8 9 9 10 10 11 9 10 10 11 11 12 7 8 8 9 9 10 8 9 9 10 10 11 9 10 10 11 11 12 10 11 11 12 12 13 8 9 9 10 10 11 9 10 10 11 11 12 10 11 11 12 12 13 11 12 12 13 13 14 9 10 10 11 11 12 10 11 11 12 12 13 11 12 12 13 13 14 12 13 13 14 14 15 10 11 11 12 12 13 11 12 12 13 13 14 12 13 13 14 14 15 13 14 14 15 15 16 2 3 3 4 4 5 3 4 4 5 5 6 4 5 5 6 6 7 5 6 6 7 7 8 3 4 4 5 5 6 4 5 5 6 6 7 5 6 6 7 7 8 6 7 7 8 8 9 4 5 5 6 6 7 5 6 6 7 7 8 6 7 7 8 8 9 7 8 8 9 9 10 5 6 6 7 7 8 6 7 7 8 8 9 7 8 8 9 9 10 8 9 9 10 10 11 6 7 7 8 8 9 7 8 8 9 9 10 8 9 9 10 10 11 9 10 10 11 11 12 3 4 4 5 5 6 4 5 5 6 6 7 5 6 6 7 7 8 6 7 7 8 8 9 4 5 5 6 6 7 5 6 6 7 7 8 6 7 7 8 8 9 7 8 8 9 9 10 5 6 6 7 7 8 6 7 7 8 8 9 7 8 8 9 9 10 8 9 9 10 10 11 6 7 7 8 8 9 7 8 8 9 9 10 8 9 9 10 10 11 9 10 10 11 11 12 7 8 8 9 9 10 8 9 9 10 10 11 9 10 10 11 11 12 10 11 11 12 12 13 4 5 5 6 6 7 5 6 6 7 7 8 6 7 7 8 8 9 7 8 8 9 9 10 5 6 6 7 7 8 6 7 7 8 8 9 7 8 8 9 9 10 8 9 9 10 10 11 6 7 7 8 8 9 7 8 8 9 9 10 8 9 9 10 10 11 9 10 10 11 11 12 7 8 8 9 9 10 8 9 9 10 10 11 9 10 10 11 11 12 10 11 11 12 12 13 8 9 9 10 10 11 9 10 10 11 11 12 10 11 11 12 12 13 11 12 12 13 13 14 5 6 6 7 7 8 6 7 7 8 8 9 7 8 8 9 9 10 8 9 9 10 10 11 6 7 7 8 8 9 7 8 8 9 9 10 8 9 9 10 10 11 9 10 10 11 11 12 7 8 8 9 9 10 8 9 9 10 10 11 9 10 10 11 11 12 10 11 11 12 12 13 8 9 9 10 10 11 9 10 10 11 11 12 10 11 11 12 12 13 11 12 12 13 13 14 9 10 10 11 11 12 10 11 11 12 12 13 11 12 12 13 13 14 12 13 13 14 14 15 6 7 7 8 8 9 7 8 8 9 9 10 8 9 9 10 10 11 9 10 10 11 11 12 7 8 8 9 9 10 8 9 9 10 10 11 9 10 10 11 11 12 10 11 11 12 12 13 8 9 9 10 10 11 9 10 10 11 11 12 10 11 11 12 12 13 11 12 12 13 13 14 9 10 10 11 11 12 10 11 11 12 12 13 11 12 12 13 13 14 12 13 13 14 14 15 10 11 11 12 12 13 11 12 12 13 13 14 12 13 13 14 14 15 13 14 14 15 15 16 7 8 8 9 9 10 8 9 9 10 10 11 9 10 10 11 11 12 10 11 11 12 12 13 8 9 9 10 10 11 9 10 10 11 11 12 10 11 11 12 12 13 11 12 12 13 13 14 9 10 10 11 11 12 10 11 11 12 12 13 11 12 12 13 13 14 12 13 13 14 14 15 10 11 11 12 12 13 11 12 12 13 13 14 12 13 13 14 14 15 13 14 14 15 15 16 11 12 12 13 13 14 12 13 13 14 14 15 13 14 14 15 15 16 14 15 15 16 16 17 3 4 4 5 5 6 4 5 5 6 6 7 5 6 6 7 7 8 6 7 7 8 8 9 4 5 5 6 6 7 5 6 6 7 7 8 6 7 7 8 8 9 7 8 8 9 9 10 5 6 6 7 7 8 6 7 7 8 8 9 7 8 8 9 9 10 8 9 9 10 10 11 6 7 7 8 8 9 7 8 8 9 9 10 8 9 9 10 10 11 9 10 10 11 11 12 7 8 8 9 9 10 8 9 9 10 10 11 9 10 10 11 11 12 10 11 11 12 12 13 4 5 5 6 6 7 5 6 6 7 7 8 6 7 7 8 8 9 7 8 8 9 9 10 5 6 6 7 7 8 6 7 7 8 8 9 7 8 8 9 9 10 8 9 9 10 10 11 6 7 7 8 8 9 7 8 8 9 9 10 8 9 9 10 10 11 9 10 10 11 11 12 7 8 8 9 9 10 8 9 9 10 10 11 9 10 10 11 11 12 10 11 11 12 12 13 8 9 9 10 10 11 9 10 10 11 11 12 10 11 11 12 12 13 11 12 12 13 13 14 5 6 6 7 7 8 6 7 7 8 8 9 7 8 8 9 9 10 8 9 9 10 10 11 6 7 7 8 8 9 7 8 8 9 9 10 8 9 9 10 10 11 9 10 10 11 11 12 7 8 8 9 9 10 8 9 9 10 10 11 9 10 10 11 11 12 10 11 11 12 12 13 8 9 9 10 10 11 9 10 10 11 11 12 10 11 11 12 12 13 11 12 12 13 13 14 9 10 10 11 11 12 10 11 11 12 12 13 11 12 12 13 13 14 12 13 13 14 14 15 6 7 7 8 8 9 7 8 8 9 9 10 8 9 9 10 10 11 9 10 10 11 11 12 7 8 8 9 9 10 8 9 9 10 10 11 9 10 10 11 11 12 10 11 11 12 12 13 8 9 9 10 10 11 9 10 10 11 11 12 10 11 11 12 12 13 11 12 12 13 13 14 9 10 10 11 11 12 10 11 11 12 12 13 11 12 12 13 13 14 12 13 13 14 14 15 10 11 11 12 12 13 11 12 12 13 13 14 12 13 13 14 14 15 13 14 14 15 15 16 7 8 8 9 9 10 8 9 9 10 10 11 9 10 10 11 11 12 10 11 11 12 12 13 8 9 9 10 10 11 9 10 10 11 11 12 10 11 11 12 12 13 11 12 12 13 13 14 9 10 10 11 11 12 10 11 11 12 12 13 11 12 12 13 13 14 12 13 13 14 14 15 10 11 11 12 12 13 11 12 12 13 13 14 12 13 13 14 14 15 13 14 14 15 15 16 11 12 12 13 13 14 12 13 13 14 14 15 13 14 14 15 15 16 14 15 15 16 16 17 8 9 9 10 10 11 9 10 10 11 11 12 10 11 11 12 12 13 11 12 12 13 13 14 9 10 10 11 11 12 10 11 11 12 12 13 11 12 12 13 13 14 12 13 13 14 14 15 10 11 11 12 12 13 11 12 12 13 13 14 12 13 13 14 14 15 13 14 14 15 15 16 11 12 12 13 13 14 12 13 13 14 14 15 13 14 14 15 15 16 14 15 15 16 16 17 12 13 13 14 14 15 13 14 14 15 15 16 14 15 15 16 16 17 15 16 16 17 17 18 4 5 5 6 6 7 5 6 6 7 7 8 6 7 7 8 8 9 7 8 8 9 9 10 5 6 6 7 7 8 6 7 7 8 8 9 7 8 8 9 9 10 8 9 9 10 10 11 6 7 7 8 8 9 7 8 8 9 9 10 8 9 9 10 10 11 9 10 10 11 11 12 7 8 8 9 9 10 8 9 9 10 10 11 9 10 10 11 11 12 10 11 11 12 12 13 8 9 9 10 10 11 9 10 10 11 11 12 10 11 11 12 12 13 11 12 12 13 13 14 5 6 6 7 7 8 6 7 7 8 8 9 7 8 8 9 9 10 8 9 9 10 10 11 6 7 7 8 8 9 7 8 8 9 9 10 8 9 9 10 10 11 9 10 10 11 11 12 7 8 8 9 9 10 8 9 9 10 10 11 9 10 10 11 11 12 10 11 11 12 12 13 8 9 9 10 10 11 9 10 10 11 11 12 10 11 11 12 12 13 11 12 12 13 13 14 9 10 10 11 11 12 10 11 11 12 12 13 11 12 12 13 13 14 12 13 13 14 14 15 6 7 7 8 8 9 7 8 8 9 9 10 8 9 9 10 10 11 9 10 10 11 11 12 7 8 8 9 9 10 8 9 9 10 10 11 9 10 10 11 11 12 10 11 11 12 12 13 8 9 9 10 10 11 9 10 10 11 11 12 10 11 11 12 12 13 11 12 12 13 13 14 9 10 10 11 11 12 10 11 11 12 12 13 11 12 12 13 13 14 12 13 13 14 14 15 10 11 11 12 12 13 11 12 12 13 13 14 12 13 13 14 14 15 13 14 14 15 15 16 7 8 8 9 9 10 8 9 9 10 10 11 9 10 10 11 11 12 10 11 11 12 12 13 8 9 9 10 10 11 9 10 10 11 11 12 10 11 11 12 12 13 11 12 12 13 13 14 9 10 10 11 11 12 10 11 11 12 12 13 11 12 12 13 13 14 12 13 13 14 14 15 10 11 11 12 12 13 11 12 12 13 13 14 12 13 13 14 14 15 13 14 14 15 15 16 11 12 12 13 13 14 12 13 13 14 14 15 13 14 14 15 15 16 14 15 15 16 16 17 8 9 9 10 10 11 9 10 10 11 11 12 10 11 11 12 12 13 11 12 12 13 13 14 9 10 10 11 11 12 10 11 11 12 12 13 11 12 12 13 13 14 12 13 13 14 14 15 10 11 11 12 12 13 11 12 12 13 13 14 12 13 13 14 14 15 13 14 14 15 15 16 11 12 12 13 13 14 12 13 13 14 14 15 13 14 14 15 15 16 14 15 15 16 16 17 12 13 13 14 14 15 13 14 14 15 15 16 14 15 15 16 16 17 15 16 16 17 17 18 9 10 10 11 11 12 10 11 11 12 12 13 11 12 12 13 13 14 12 13 13 14 14 15 10 11 11 12 12 13 11 12 12 13 13 14 12 13 13 14 14 15 13 14 14 15 15 16 11 12 12 13 13 14 12 13 13 14 14 15 13 14 14 15 15 16 14 15 15 16 16 17 12 13 13 14 14 15 13 14 14 15 15 16 14 15 15 16 16 17 15 16 16 17 17 18 13 14 14 15 15 16 14 15 15 16 16 17 15 16 16 17 17 18 16 17 17 18 18 19 5 6 6 7 7 8 6 7 7 8 8 9 7 8 8 9 9 10 8 9 9 10 10 11 6 7 7 8 8 9 7 8 8 9 9 10 8 9 9 10 10 11 9 10 10 11 11 12 7 8 8 9 9 10 8 9 9 10 10 11 9 10 10 11 11 12 10 11 11 12 12 13 8 9 9 10 10 11 9 10 10 11 11 12 10 11 11 12 12 13 11 12 12 13 13 14 9 10 10 11 11 12 10 11 11 12 12 13 11 12 12 13 13 14 12 13 13 14 14 15 6 7 7 8 8 9 7 8 8 9 9 10 8 9 9 10 10 11 9 10 10 11 11 12 7 8 8 9 9 10 8 9 9 10 10 11 9 10 10 11 11 12 10 11 11 12 12 13 8 9 9 10 10 11 9 10 10 11 11 12 10 11 11 12 12 13 11 12 12 13 13 14 9 10 10 11 11 12 10 11 11 12 12 13 11 12 12 13 13 14 12 13 13 14 14 15 10 11 11 12 12 13 11 12 12 13 13 14 12 13 13 14 14 15 13 14 14 15 15 16 7 8 8 9 9 10 8 9 9 10 10 11 9 10 10 11 11 12 10 11 11 12 12 13 8 9 9 10 10 11 9 10 10 11 11 12 10 11 11 12 12 13 11 12 12 13 13 14 9 10 10 11 11 12 10 11 11 12 12 13 11 12 12 13 13 14 12 13 13 14 14 15 10 11 11 12 12 13 11 12 12 13 13 14 12 13 13 14 14 15 13 14 14 15 15 16 11 12 12 13 13 14 12 13 13 14 14 15 13 14 14 15 15 16 14 15 15 16 16 17 8 9 9 10 10 11 9 10 10 11 11 12 10 11 11 12 12 13 11 12 12 13 13 14 9 10 10 11 11 12 10 11 11 12 12 13 11 12 12 13 13 14 12 13 13 14 14 15 10 11 11 12 12 13 11 12 12 13 13 14 12 13 13 14 14 15 13 14 14 15 15 16 11 12 12 13 13 14 12 13 13 14 14 15 13 14 14 15 15 16 14 15 15 16 16 17 12 13 13 14 14 15 13 14 14 15 15 16 14 15 15 16 16 17 15 16 16 17 17 18 9 10 10 11 11 12 10 11 11 12 12 13 11 12 12 13 13 14 12 13 13 14 14 15 10 11 11 12 12 13 11 12 12 13 13 14 12 13 13 14 14 15 13 14 14 15 15 16 11 12 12 13 13 14 12 13 13 14 14 15 13 14 14 15 15 16 14 15 15 16 16 17 12 13 13 14 14 15 13 14 14 15 15 16 14 15 15 16 16 17 15 16 16 17 17 18 13 14 14 15 15 16 14 15 15 16 16 17 15 16 16 17 17 18 16 17 17 18 18 19 10 11 11 12 12 13 11 12 12 13 13 14 12 13 13 14 14 15 13 14 14 15 15 16 11 12 12 13 13 14 12 13 13 14 14 15 13 14 14 15 15 16 14 15 15 16 16 17 12 13 13 14 14 15 13 14 14 15 15 16 14 15 15 16 16 17 15 16 16 17 17 18 13 14 14 15 15 16 14 15 15 16 16 17 15 16 16 17 17 18 16 17 17 18 18 19 14 15 15 16 16 17 15 16 16 17 17 18 16 17 17 18 18 19 17 18 18 19 19 20 6 7 7 8 8 9 7 8 8 9 9 10 8 9 9 10 10 11 9 10 10 11 11 12 7 8 8 9 9 10 8 9 9 10 10 11 9 10 10 11 11 12 10 11 11 12 12 13 8 9 9 10 10 11 9 10 10 11 11 12 10 11 11 12 12 13 11 12 12 13 13 14 9 10 10 11 11 12 10 11 11 12 12 13 11 12 12 13 13 14 12 13 13 14 14 15 10 11 11 12 12 13 11 12 12 13 13 14 12 13 13 14 14 15 13 14 14 15 15 16 7 8 8 9 9 10 8 9 9 10 10 11 9 10 10 11 11 12 10 11 11 12 12 13 8 9 9 10 10 11 9 10 10 11 11 12 10 11 11 12 12 13 11 12 12 13 13 14 9 10 10 11 11 12 10 11 11 12 12 13 11 12 12 13 13 14 12 13 13 14 14 15 10 11 11 12 12 13 11 12 12 13 13 14 12 13 13 14 14 15 13 14 14 15 15 16 11 12 12 13 13 14 12 13 13 14 14 15 13 14 14 15 15 16 14 15 15 16 16 17 8 9 9 10 10 11 9 10 10 11 11 12 10 11 11 12 12 13 11 12 12 13 13 14 9 10 10 11 11 12 10 11 11 12 12 13 11 12 12 13 13 14 12 13 13 14 14 15 10 11 11 12 12 13 11 12 12 13 13 14 12 13 13 14 14 15 13 14 14 15 15 16 11 12 12 13 13 14 12 13 13 14 14 15 13 14 14 15 15 16 14 15 15 16 16 17 12 13 13 14 14 15 13 14 14 15 15 16 14 15 15 16 16 17 15 16 16 17 17 18 9 10 10 11 11 12 10 11 11 12 12 13 11 12 12 13 13 14 12 13 13 14 14 15 10 11 11 12 12 13 11 12 12 13 13 14 12 13 13 14 14 15 13 14 14 15 15 16 11 12 12 13 13 14 12 13 13 14 14 15 13 14 14 15 15 16 14 15 15 16 16 17 12 13 13 14 14 15 13 14 14 15 15 16 14 15 15 16 16 17 15 16 16 17 17 18 13 14 14 15 15 16 14 15 15 16 16 17 15 16 16 17 17 18 16 17 17 18 18 19 10 11 11 12 12 13 11 12 12 13 13 14 12 13 13 14 14 15 13 14 14 15 15 16 11 12 12 13 13 14 12 13 13 14 14 15 13 14 14 15 15 16 14 15 15 16 16 17 12 13 13 14 14 15 13 14 14 15 15 16 14 15 15 16 16 17 15 16 16 17 17 18 13 14 14 15 15 16 14 15 15 16 16 17 15 16 16 17 17 18 16 17 17 18 18 19 14 15 15 16 16 17 15 16 16 17 17 18 16 17 17 18 18 19 17 18 18 19 19 20 11 12 12 13 13 14 12 13 13 14 14 15 13 14 14 15 15 16 14 15 15 16 16 17 12 13 13 14 14 15 13 14 14 15 15 16 14 15 15 16 16 17 15 16 16 17 17 18 13 14 14 15 15 16 14 15 15 16 16 17 15 16 16 17 17 18 16 17 17 18 18 19 14 15 15 16 16 17 15 16 16 17 17 18 16 17 17 18 18 19 17 18 18 19 19 20 15 16 16 17 17 18 16 17 17 18 18 19 17 18 18 19 19 20 18 19 19 20 20 21